[Fountain of Colors]
Active=1
AnchorX=50.00000%
AnchorY=50.00000%
WindowX=50.00000%
WindowY=50.00000%
[Rainmeter]
